
mean.resid.sd <- c(
  1.577481401, 1.063036699, 1.202461016, 1.367237565, 1.410840762, 0.67591047, 1.220860563, 1.718933941, 1.303709992,
  1.259962537, 0.97212259, 1.4643764, 1.077864546, 1.174264436, 1.249325739, 0.909423981, 0.920114445, 1.006490125,
  1.258907901, 1.007493076, 0.940172986, 1.029183764, 1.469675992, 1.36356, 1.11092534, 1.299970315, 1.449455023,
  1.417454962, 1.123040125, 0.796768287, 0.573463116, 0.971067741, 1.233350143, 0.51832697, 1.105882294, 0.902535376,
  1.1605874, 1.360926845, 0.958075117, 1.146307688, 1.277235724, 1.354120935, 1.044601231, 1.188103271, 1.437049058,
  1.172566966, 0.918462213, 1.204440293, 1.011769123, 1.472673472, 1.266894665, 1.170205867, 1.059595804, 1.228521064,
  1.292023877, 1.073624528, 1.39595114, 0.778459441, 1.134830119, 1.520495321, 0.992562959, 1.131868233, 1.867585237,
  1.517617727, 1.013708238, 1.249759445, 1.570486101, 1.436094471, 1.36992249, 0.940075956, 1.023223048, 1.396310081,
  1.312143259, 1.419502189, 1.721734486, 1.165552358, 1.236673916, 1.25121613, 1.305309903, 0.936961311, 1.193286365,
  1.605876775, 1.220204411, 1.288371649, 1.028220374, 0.909285523, 0.966030369, 1.238257068, 0.995385915, 1.821200536,
  1.801160326, 1.750147235, 1.666706108, 1.504455857, 1.62063494, 1.332204254, 1.418750092, 1.261096187, 0.705344539,
  1.311575021, 0.827287134, 1.211839577, 1.095681399, 1.34357463, 1.188069364, 1.529732287, 1.065342658, 1.074453771,
  1.207828007, 0.960043932, 1.178987777, 1.315995177, 1.115073259, 0.877854218, 0.930084886, 1.137969477, 1.39418916,
  1.300118927, 1.325520239, 1.147939484, 0.440804715, 1.02171245, 1.087993929, 0.94294609, 1.288487132, 1.558632504,
  1.307828215, 1.65515318, 1.259022228, 0.771041818, 1.449401969, 1.339161479, 1.71608494, 0.911048932, 1.022336526,
  1.007857951, 1.423608861, 1.246143898, 1.176044433, 1.255504774, 0.987505095, 0.948945156, 1.38641615, 1.372336595,
  1.128771429, 1.467254101, 1.106608205, 1.574170158, 1.447836026, 1.287672115, 1.51286675, 1.433942152, 0.932152842,
  1.476188723, 1.170114286, 1.259560876, 1.585972434, 1.161052339, 0.103941778, 1.451116848, 1.385200724, 1.584160788,
  1.154038999, 1.412598944, 1.459491243, 1.514566413, 1.394193217, 1.375287138, 1.149042768, 0.96594859, 1.205704511,
  1.273861002, 1.079220286, 1.539934467, 1.244810539, 1.433701928, 1.623277213, 1.13918148, 1.409251588, 1.227752489,
  1.165592745, 1.47525718, 1.558673118, 1.501158225, 1.586362384, 1.546050539, 1.287041858, 1.486709964, 1.290536177,
  1.424513068, 1.953222313, 1.829566154, 0.907721409, 1.16338451, 1.43575358, 1.749554381, 1.543601509, 1.310876646,
  1.430167941, 1.136064073, 1.436997821, 1.416257506, 1.005553273, 1.165344935, 0.90164889, 1.24758323, 1.623868165,
  1.227956847, 1.24865627, 1.271939041, 1.345270077, 0.956369079, 1.018222645, 1.663891084, 1.348318411, 1.437417157,
  1.112257144, 1.892520021, 1.359259026, 1.16101317, 1.51021356, 1.230470984, 1.210910186, 1.524757183, 0.931457738,
  1.223199376, 1.26924158, 1.126480343, 1.031287703, 1.090056102, 0.606324542, 0.815152144, 0.998383818, 1.342805208,
  0.655015479, 1.284263675, 0.9049824, 0.881454384, 1.09043499, 0.843058353, 1.078335332, 1.201966201, 1.045499158,
  0.774579699, 1.165981314, 1.569138771, 1.297158281, 1.74660299, 1.540376757, 0.946667343, 1.32335967, 1.247582385,
  1.878899702, 1.857748195, 1.124153579, 1.534142594, 1.471595983, 1.253995611, 1.620601252, 1.574379208, 1.367192971,
  1.692613554, 1.729455351, 1.228789587, 1.200688049, 1.135530197, 1.100890614, 1.792693005, 1.380770408, 1.332946406,
  1.572561258, 1.310933212, 1.500771444, 1.325872809, 1.146853753, 0.846105951, 1.144204732, 0.767875744, 1.137239249,
  0.579208085, 1.08707585, 0.798817484, 1.559755416, 1.131514863, 1.55475927, 1.12357963, 1.410184555, 0.707778154,
  1.477811854, 1.482372738, 1.415538296, 1.425226429, 1.383692385, 1.477613334, 1.547880045, 1.463920647, 0.752459302,
  1.352064842, 1.31124381, 1.201125323, 1.117438879, 1.337032615, 1.477481575, 1.50370472, 1.490162234, 1.526000759,
  1.177004769, 1.287306433, 1.419863948, 1.258770214, 1.540261413, 1.58548279, 1.014412096, 1.2766158, 1.438912667,
  1.57196279, 1.089151415, 1.147196886, 1.376921501, 1.510803409, 1.15027614, 1.833374163, 1.406579896, 1.098100092,
  1.607186259, 0.962778659, 1.032498982, 1.403550379, 1.022834304, 1.325091774, 1.249348461, 1.630445586, 0.123384014,
  1.618939371, 0.240668056, 1.404683402, 0.95988365, 1.445672394, 1.051814618, 1.226648125, 1.371625096, 0.689211763,
  0.900140605, 1.009772211, 0.153843592, 2.039415531, 1.332207716, 1.006521856, 1.295409395, 1.209472589, 1.42346539,
  0.846003445, 1.100764583, 1.493953404, 0.994403258, 1.24208501, 1.5224595, 0.022578704, 1.021366102, 1.059178705,
  0.818839138, 1.543761053, 1.115244943, 1.280373101, 1.968219747, 1.271223773, 1.421210049, 1.134746702, 1.443893508,
  0.720701016, 1.045430381, 1.029296811, 1.116675081, 1.412383093, 1.434077318, 1.391448963, 1.549486519, 1.459813865,
  1.144367152, 1.332856806, 0.271050034, 1.705735944, 1.049812647, 1.435167483, 1.457480651, 1.521251521, 1.359991208,
  1.440904544, 0.694766497, 0.976756481, 0.581001343, 1.447827858, 1.29399291, 1.245104293, 1.078213647, 1.072155778,
  1.319718642, 1.037593432, 1.145481921, 1.584909821, 0.965845913, 1.527301337, 1.25109383, 1.840007561, 1.388470998,
  1.277612783, 1.344677898, 1.507741408, 1.135947484, 1.230591925, 1.23395835, 1.144364851, 2.265100043, 1.23804809,
  1.200185611, 1.298425602, 1.075764125, 1.432838811, 1.113810745, 1.559414622, 1.086558905, 1.301430891, 1.005542817,
  1.068481914, 1.300816083, 1.793939839, 1.475971838, 1.212388065, 1.279015961, 1.56970427, 1.254101252, 1.020843557,
  1.466232175, 1.341406459, 1.258439356, 1.40667883, 1.180640778, 1.203687299, 1.163165856, 1.328086204, 0.630420704,
  1.301804228, 1.309262499, 1.211976157, 1.287208297, 1.127168436, 1.112587397, 1.036944079, 1.321083935, 1.052447574,
  1.69112741, 1.385896243, 1.101881312, 1.055103438, 1.166441445, 1.872989547, 1.354367303, 1.492762648, 1.531201505,
  1.138132923, 1.510602806, 1.625404871, 0.821564058, 1.179816169, 0.9591359, 1.407139192, 1.671672666, 0.916006939,
  0.675520268, 1.02241593, 1.132708363, 1.060304641, 1.240220069, 1.40236613, 1.509869919, 1.332627653, 0.759530807,
  0.808911307, 1.544755905, 1.576936996, 1.338739482, 1.474934915, 1.383508948, 1.479553148, 1.204968066, 1.313838142,
  1.440955782, 1.279711202, 1.199077415, 1.208623412, 1.003730272, 1.106365212, 1.238125095, 1.183015197, 1.217492108,
  1.192149398, 1.304421453, 1.780783184, 1.559611755, 1.52161717, 1.563930563, 1.463222316, 1.590179142, 1.607075521,
  1.515378809, 1.136817609, 1.263762911, 1.175958752, 1.128217248, 1.399204848, 1.173957204, 1.184271139, 1.328562863,
  1.477519675, 1.140488485, 0.79626397, 1.125185344, 1.066303306, 1.288303714, 0.652769896, 0.708756335, 1.007770671,
  0.844385465, 1.301452491, 1.174790441, 1.181517974, 1.250820462, 1.30952121, 1.177910564, 0.721665136, 1.435999561,
  1.496272233, 1.206510899, 1.419019876, 1.199710289, 1.313291149, 1.323831585, 0, 0.95654704, 0.985321196, 1.489696459,
  1.543696824, 1.309524419, 1.234886913, 0.666096565, 1.398400278, 0.657683252, 1.005077345, 1.437006841, 0.574438123,
  0.900771015, 0.978384545, 1.278829783, 1.34007597, 1.34900327, 1.308160763, 0.891544437, 1.409684603, 0.200052255,
  1.179369155, 1.012096952, 0.967175163, 0.678131312, 1.184524426, 1.606707232, 0.000743488, 0.994552928, 1.430118813,
  1.012117808, 1.025095397, 0.24746253, 1.273861188, 0.279371195, 0.934530921, 0.99539256, 1.278039958, 1.102525503,
  1.075692203, 0.000891661, 1.119159852, 1.374578929, 0.790976289, 1.496462308, 1.518098582, 1.095476966, 1.305841997,
  1.357200274, 1.400088025, 1.330094342, 1.371492539, 1.522335247, 1.599325549, 1.144175609, 1.47513834, 1.634296078,
  1.356598711, 1.381311453, 1.459403023, 1.021432628, 0.890233474, 1.150025995, 1.40250287, 0.71966334, 0.338766966,
